000 001 011 00 00 101 001 00 010 0 0000101  
000 001 010 00 00 000 001 00 010 0 0001000  
000 001 011 00 00 110 001 00 000 0 0000000  
010 001 010 00 00 110 010 00 000 0 0000000  
10 00 00 00 - - 111 00 111 0 0001001  
000 001 010 00 00 001 001 00 010 0 0000010  
001 000 010 00 00 001 001 00 000 0 0000000  
001 001 011 00 00 110 001 00 111 0 0000011  
01 00 00 00 - - 111 00 000 0 0000000  
010 001 010 00 00 110 000 00 000 0 0000000  
            
            
            
            
            
            
            
            
            
            
            
            
            
            
            
            
            
            
            
            
            
            
            
            
            
            
            
            
            
            
            
            
            
            
            
            
            
            
            
            
            
            
            
            
            
            
            
            
            
            
            
            
            
            
            
            
            
            
            
            
            
            
            
            
            
            
            
            
            
            
            
            
            
            
            
            
            
            
            
            
            
            
            
            
            
            
            
            
            
            
            
            
            
            
            
            
            
            
            
            
            
            
            
            
            
            
            
            
            
            
            
            
            
            
            
            
            
            
